$1;0;152;;|
$10;1;0;0;12000;-90000;68;-29950;|
$1;2;778;;|
$1;3;1412;;|
$10;4;1005;0;15576;-88234;77;-29978;|
$1;5;2098;;|
$1;6;2698;;|
$10;7;2004;0;19152;-86469;75;-29786;|
$1;8;3320;;|
$1;9;3994;;|
$10;10;3009;0;22728;-84703;68;-29794;|
$1;11;4699;;|
$1;12;5349;;|
$10;13;4005;0;26304;-82938;70;-29616;|
$1;14;5968;;|
$1;15;6607;;|
$10;16;4992;0;29880;-81173;74;-29402;|
$1;17;7279;;|
$1;18;7949;;|
$10;19;6009;0;33456;-79407;72;-29344;|
$1;20;8601;;|
$1;21;9239;;|
$10;22;7002;0;37032;-77642;69;-29210;|
$1;23;9919;;|
$1;24;10620;;|
$10;25;8002;255;40608;-75876;74;-29247;|
$1;26;11256;;|
$1;27;11926;;|
$10;28;8998;0;44184;-74111;69;-29100;|
$1;29;12573;;|
